8 5 2009 37 0
8 4 1999 65 1
10 5 2005 0 1
22 6 2013 60 1
1 3 2010 20 1
3 1 2007 91 1
8 6 2009 74 1
6 1 2013 80 0
8 1 1968 376 0
14 5 2009 192 0
11 1 2008 98 1
7 4 2014 204 0
13 2 2002 19 0
3 5 2000 59 1
7 2 2002 67 1
6 2 2007 36 1
3 4 2014 32 1
8 3 1987 373 0
1 3 1977 0 1
8 4 2007 50 0
7 2 2011 40 0
13 1 2006 280 0
10 1 2007 67 0
21 2 2013 101 0
13 7 1982 224 0
4 4 2011 38 0
7 4 1999 62 0
9 1 2001 262 0
13 2 1971 0 0
19 1 1992 295 0
11 3 2005 42 1
9 1 2014 6 1
9 5 2014 18 0
6 4 1984 68 1
5 2 1985 73 1
8 7 1987 99 1
5 4 1988 104 1
5 5 1989 48 1
4 2 2009 17 1
12 7 1993 65 0
6 5 1985 51 1
9 5 2006 7 0
10 4 2009 10 0
5 2 2009 10 0
4 3 2002 61 1
9 2 2001 120 0
5 2 2014 51 0
11 4 1994 150 0
4 3 2002 33 1
8 5 2009 18 1
5 3 1985 0 1
12 4 1997 327 0
7 3 1980 269 1
6 1 1992 454 0
5 5 2010 368 1
5 3 1979 6 1
10 2 1988 53 0
7 2 1997 90 1
26 11 1939 0 1
10 5 2007 52 1
13 1 1992 116 0
9 5 2009 39 1
10 2 1976 0 0
12 8 2000 52 1
14 5 1984 0 1
8 3 2009 16 1
8 6 2001 51 1
6 3 1999 222 1
17 5 2007 164 0
10 6 1973 565 0
10 4 1998 12 0
9 5 2013 160 1
12 2 2001 20 0
8 8 1999 174 0
7 7 2000 24 1
11 1 2014 372 0
8 2 2015 14 0
1 3 2012 0 1
4 2 1957 0 0
6 3 1981 0 0
6 2 1997 50 0
4 7 2009 14 1
8 3 1982 384 1
17 5 1999 183 0
4 4 1997 110 1
12 3 1959 0 0
8 2 2004 117 1
13 3 2009 154 0
11 4 2010 1 0
8 7 2012 13 0
5 4 1977 152 1
7 3 2010 3 1
13 2 2001 16 0
6 4 1998 168 1
16 1 1979 16 0
3 0 2011 19 0
10 3 1998 16 0
13 3 2012 8 0
9 1 1993 0 0
16 2 2012 148 1
14 2 1998 374 0
9 0 2009 18 0
3 1 1992 24 0
11 4 2006 4 1
5 1 2011 50 0
8 4 1997 280 1
4 3 1995 60 0
5 7 2007 64 1
6 7 2013 40 1
5 5 1997 102 0
5 1 1999 351 0
4 7 2000 61 0
11 4 2009 882 1
1 7 2006 20 1
6 6 2009 10 1
23 6 2006 45 1
11 4 1984 99 1
4 2 1985 517 0
8 3 1989 258 1
6 3 1990 180 0
5 2 2003 86 0
10 7 2011 109 1
4 1 1973 0 0
9 4 2000 3 0
12 4 2010 8 1
15 4 1975 0 0
10 1 1991 12 0
7 2 2003 38 1
7 2 1992 247 0
9 5 1996 5 0
5 1 1989 550 0
8 4 1997 202 0
15 1 2005 278 0
8 2 1995 368 0
6 2 1992 341 0
2 5 1988 120 1
9 1 2015 0 0
3 4 2012 13 1
8 3 1991 452 1
5 2 1996 124 0
9 4 2007 160 0
7 6 1988 155 1
4 4 2013 8 1
2 3 1995 10 0
1 1 2004 8 0
6 4 2013 17 1
4 3 2010 6 0
6 4 1999 39 1
14 6 1979 0 0
4 5 2013 11 1
4 9 1998 42 1
10 1 2002 0 0
6 2 1993 48 0
9 3 2007 103 1
4 2 1988 243 0
6 3 2014 15 1
6 4 2003 95 0
5 5 2014 45 1
1 8 2006 21 1
24 0 2001 167 0
1 4 2010 117 1
7 4 1998 129 0
10 2 2002 122 0
9 2 1982 4 0
9 3 2004 73 1
7 2 2007 149 1
10 3 1999 45 1
9 1 1974 558 0
9 2 2006 76 0
7 3 1984 4 0
14 6 2001 81 0
4 3 2013 35 1
7 4 2010 10 0
8 5 1986 20 0
7 7 1981 0 0
9 6 1993 27 1
14 3 2000 27 0
8 2 1967 0 1
16 8 1997 50 1
9 2 1989 153 1
4 2 1996 7 1
4 2 1993 3 0
10 9 2014 27 1
5 6 1995 46 1
9 7 1991 118 0
12 2 1995 151 0
11 3 1985 24 1
7 3 2005 2 0
9 2 2014 21 1
5 8 2011 185 1
15 1 2015 74 0
3 4 2009 5 1
9 4 1987 113 1
3 2 2005 112 0
9 1 1996 138 0
5 3 2009 5 1
5 12 2015 31 1
9 2 2009 31 0
7 5 2009 33 1
6 4 2003 350 1
12 6 1992 34 1
13 2 1988 107 0
6 3 2010 1 0
7 7 2010 43 1
10 3 2008 73 0
5 3 1972 219 1
3 7 2014 1 1
10 3 1948 0 0
10 3 2014 3 0
6 6 1992 54 1
6 3 1991 163 1
11 5 2005 38 1
10 1 2011 194 0
9 2 2013 114 0
7 4 2015 0 1
7 9 2013 37 1
16 2 2011 209 0
5 4 2009 15 1
26 10 1995 84 0
4 3 2000 377 0
7 4 2002 245 0
18 1 1970 0 1
5 5 2004 56 1
13 8 2000 2 1
6 3 2011 7 0
7 5 2012 3 1
11 4 2004 44 1
9 3 1996 40 0
17 4 2008 43 1
10 3 1992 19 0
6 3 2007 4 0
4 3 2000 201 1
8 4 1997 22 1
7 3 2014 33 0
8 5 2000 0 1
5 5 2006 46 1
6 2 1984 37 1
8 2 1974 0 0
6 6 2000 115 1
8 3 1983 58 0
9 6 1989 156 1
7 2 2012 70 0
4 5 1988 0 0
12 2 1941 0 0
16 4 2002 11 0
10 8 2010 179 1
9 1 1994 253 0
9 5 1994 6 0
5 3 2006 181 1
9 3 1993 176 0
11 7 2012 29 1
6 1 2009 145 0
6 2 2013 128 1
4 3 2008 96 1
6 4 1985 7 1
6 6 1995 113 1
6 2 1980 258 1
14 9 2003 137 1
13 3 2004 140 0
12 1 2011 40 0
10 4 1994 41 1
9 3 1988 270 1
11 1 2011 23 1
7 5 2002 0 0
7 1 1997 144 0
10 3 2005 102 0
12 1 1997 191 1
6 8 2010 7 1
15 1 1967 0 0
10 2 2010 49 0
10 4 1995 64 1
5 4 2009 87 1
9 4 2011 0 0
9 5 2012 0 0
16 3 2011 109 0
11 3 2003 49 0
6 1 2006 36 0
13 9 2004 76 1
5 6 2011 92 1
8 2 1988 8 1
4 5 1999 65 1
4 2 1997 0 1
5 1 1983 58 1
10 5 2005 26 1
2 2 2010 8 0
3 1 2015 147 0
9 2 2013 29 1
16 3 1990 378 0
12 2 1998 26 0
6 0 1974 0 0
9 5 2010 108 1
7 2 1993 133 1
9 2 1985 0 0
8 2 2009 34 0
4 2 1978 0 1
11 6 1993 16 1
14 3 1989 210 0
1 4 1988 19 0
12 4 2014 4 1
1 3 1992 122 1
7 2 2002 12 0
4 4 2008 5 0
11 4 1991 33 1
14 6 2008 34 1
4 4 2014 32 0
8 1 1972 0 0
8 1 1993 122 0
4 5 2010 277 1
5 6 2013 393 1
11 4 1995 32 0
18 3 1988 172 1
12 4 1990 242 1
10 0 1995 200 0
8 4 1982 41 0
6 3 2010 80 0
3 3 2007 101 1
10 3 1989 60 0
6 3 1975 0 1
9 5 1999 52 1
4 3 1995 48 1
12 7 2005 13 1
12 3 1997 79 0
9 7 2001 1 1
8 1 2005 38 0
13 5 2008 13 1
12 4 2015 18 0
6 2 1944 0 1
1 3 2008 40 1
7 2 1992 172 1
11 2 2014 59 0
6 7 2009 48 1
9 2 1981 18 0
8 1 2003 48 0
7 4 2012 14 1
5 2 2011 38 1
10 16 1999 18 1
7 3 1989 10 0
2 1 1933 0 0
4 0 1971 0 0
5 3 1994 264 0
4 5 2014 91 1
10 2 1984 70 1
7 5 2008 122 0
5 3 2007 21 1
4 5 2010 64 1
11 4 1994 12 1
11 2 2010 47 0
15 10 1999 38 0
5 5 1990 116 1
3 1 1992 4 0
5 6 1999 25 1
8 3 2003 249 0
11 3 1998 55 1
9 4 2007 20 1
4 2 2005 36 1
8 4 2013 99 1
4 5 1996 43 1
8 4 2012 44 1
25 4 1998 207 0
2 8 2013 18 1
6 1 1973 0 0
5 1 2002 1 0
7 7 2000 203 1
14 0 1979 126 0
8 5 1996 49 0
7 2 1981 78 0
6 8 2004 47 0
11 12 1993 3 1
6 2 1997 50 1
5 1 2010 2 0
5 7 1982 13 1
3 1 2015 26 0
7 2 1999 4 0
7 1 2014 69 0
4 3 1999 95 1
7 4 1997 212 0
5 3 1976 0 1
9 4 2005 210 0
10 1 2009 24 0
7 1 1966 0 0
5 5 2002 23 1
4 3 2015 12 1
13 3 1996 48 0
7 4 1982 0 0
10 4 1993 16 1
8 4 1998 19 0
4 4 1986 164 1
11 3 1989 141 0
4 2 1999 63 0
7 2 2000 86 0
8 7 2003 67 1
5 6 2006 71 1
14 5 2003 549 0
3 6 1970 0 1
6 3 1980 0 1
6 2 1985 114 0
11 4 2012 102 1
3 4 2005 121 1
5 10 2010 41 1
3 2 1981 194 1
4 3 2008 76 1
6 3 1994 686 0
8 1 2010 0 0
7 11 1995 8 1
6 0 2014 12 0
6 4 2007 49 0
18 4 1982 14 1
4 1 1931 298 0
6 2 2012 38 0
9 4 2003 118 1
6 2 1991 72 0
4 5 1980 121 1
8 5 2009 75 0
6 6 1982 107 1
8 5 1989 31 1
7 9 1991 165 1
3 4 2011 61 1
7 4 2011 20 1
10 3 1996 20 0
7 1 2008 22 0
6 2 2013 429 1
7 4 2008 3 1
8 6 2013 17 1
17 1 1987 103 0
2 2 2005 149 1
10 6 2009 60 0
6 0 2014 91 0
9 4 1997 91 1
13 2 2009 174 0
10 2 1999 122 0
5 3 2009 23 0
13 2 2002 116 0
13 2 2013 49 0
11 6 2004 37 1
10 1 1997 23 0
9 3 2015 93 0
4 2 2010 67 0
7 3 2009 10 0
7 1 2014 32 0
7 2 1990 448 1
3 2 2002 45 1
6 4 2008 15 0
10 7 2001 9 1
6 2 1984 592 0
13 5 1989 245 0
4 4 2000 0 1
5 7 2003 16 1
11 1 2000 303 0
6 0 1992 22 0
13 2 1989 58 0
17 1 2006 56 1
12 4 1999 28 1
3 2 1995 214 1
5 6 2014 178 1
10 2 2000 164 0
9 3 2005 42 0
7 1 1997 261 0
7 5 1990 96 1
15 9 2001 63 1
7 6 2003 85 1
14 4 2008 179 0
14 3 1932 0 1
2 6 2015 7 1
2 1 2013 293 0
10 2 2011 128 0
13 1 2010 38 0
2 6 2010 4 0
11 4 1984 383 0
10 5 1997 53 1
5 3 1993 148 0
12 2 1995 15 0
9 9 2011 49 0
3 3 1978 174 1
5 4 2007 73 1
8 6 1998 102 1
6 7 1981 79 1
9 4 2011 44 1
13 5 1986 94 1
10 1 2001 253 1
6 1 2007 35 0
1 1 2006 262 1
15 4 2004 25 1
5 6 1971 0 1
16 5 2002 392 1
19 5 2005 393 0
10 5 2009 350 1
16 5 2004 348 1
12 3 2001 488 1
15 12 2009 109 1
14 4 1995 134 0
12 6 1988 2 1
5 3 2014 97 0
2 7 1994 6 1
6 1 2001 0 1
10 2 2004 82 0
7 2 2008 91 0
4 3 1987 32 1
5 5 1992 26 1
5 5 2013 27 0
9 2 1997 187 1
13 4 1992 40 0
6 4 2010 0 0
7 8 2000 44 0
9 3 1986 13 0
12 3 1940 0 1
5 4 2005 241 0
7 3 2012 6 0
8 1 2003 97 0
5 3 2000 118 1
4 2 1990 588 1
6 5 1991 247 0
7 5 1987 22 1
10 6 2013 0 1
7 3 2011 129 1
9 2 2014 57 0
11 3 2007 29 0
6 3 2007 17 0
8 2 2010 55 0
8 4 2003 18 1
2 2 1987 5 1
4 3 2005 43 0
5 4 2010 33 1
6 2 2010 239 1
8 3 2014 188 0
11 3 1991 35 1
9 3 2003 190 0
2 3 2001 1 1
7 2 1996 196 0
4 5 2012 6 0
5 3 2007 323 1
6 3 2011 60 0
8 7 2001 61 1
4 5 1997 136 1
5 3 2009 2 0
8 2 1998 74 1
4 3 1943 0 1
4 6 2015 7 1
10 1 2004 203 0
6 3 2003 74 0
8 2 2013 143 0
8 4 2006 0 0
6 2 2008 9 0
8 5 2004 63 0
4 6 2005 44 1
7 4 2001 55 1
7 3 1993 214 0
12 5 2009 2 1
6 1 1994 18 0
6 2 2011 41 0
8 2 2010 323 1
13 2 1996 602 1
7 2 2008 384 0
9 1 1989 431 0
6 1 1984 466 0
1 6 2014 1 1
16 4 2009 140 1
11 7 2014 8 0
13 3 2006 117 1
4 4 2015 367 1
5 4 2010 59 1
7 3 2013 89 0
9 5 2002 100 0
10 3 2014 200 1
5 5 1994 218 0
8 8 2007 23 0
5 8 2014 136 1
7 6 2003 50 1
12 3 2009 43 0
5 3 1945 0 1
3 3 2014 15 1
14 3 1946 0 1
6 6 2009 131 1
9 4 2010 7 0
3 2 2010 0 0
8 3 2012 87 0
8 5 1997 75 1
8 3 1990 53 0
5 9 2011 12 1
11 6 2001 19 1
8 3 1975 1103 1
13 6 1978 382 0
4 2 1983 116 1
6 5 1987 46 1
21 6 2001 46 1
11 4 2003 50 1
4 3 2011 4 1
5 4 2009 18 1
7 0 1972 0 0
8 6 1996 303 0
29 8 1991 145 1
10 7 2015 57 1
11 5 1995 69 1
13 2 1953 0 0
5 1 2008 97 0
5 4 1986 60 1
4 9 2007 180 1
12 2 1993 844 1
5 2 2001 278 0
11 4 2001 77 0
7 2 2001 72 0
12 2 2010 52 0
6 8 1995 14 1
6 8 2003 101 1
3 4 2004 92 1
8 3 2013 1 0
4 2 2011 2 0
9 0 2012 16 0
5 1 1933 0 0
8 1 2005 295 0
11 1 2005 64 0
8 3 2014 136 1
7 0 1985 0 0
4 3 1971 0 1
6 4 2010 84 0
12 6 2007 188 1
8 2 1979 367 0
8 2 2008 260 1
12 2 1997 122 0
4 4 1999 54 1
8 6 2008 18 1
9 2 1996 35 0
3 6 1972 0 1
9 4 2009 85 1
11 2 2012 40 0
4 4 2014 3 1
6 2 1995 64 0
11 6 2013 125 1
6 11 2001 146 1
8 3 2015 1 1
8 3 1985 37 1
9 4 2010 44 1
3 1 1994 67 1
15 6 2012 162 1
7 3 2010 13 0
10 5 1987 145 0
9 4 1998 241 0
12 0 2006 18 0
3 3 2010 58 1
6 3 1989 34 1
6 5 1997 343 0
8 3 1997 109 0
7 1 2012 136 0
6 2 1987 23 1
7 4 2011 86 0
21 4 2012 198 1
8 1 2007 18 0
6 8 2006 7 1
7 3 2006 79 1
19 5 2000 63 0
6 2 1973 174 0
11 2 1983 0 0
22 0 1998 6 0
6 2 2013 1 0
5 3 1976 102 0
29 11 1996 26 0
8 0 2013 133 0
8 2 2012 72 0
10 2 2005 32 0
8 3 1997 7 0
7 3 1937 0 0
8 3 1998 128 1
2 3 2003 64 1
4 7 2000 44 1
6 5 2010 35 0
11 5 2014 2 0
14 1 2006 29 0
6 3 2014 135 1
10 4 2010 29 1
10 8 2010 1 1
24 12 1999 38 1
13 5 1989 109 0
7 3 1992 101 1
7 9 2014 256 1
7 2 1995 4 0
15 4 1999 59 0
3 5 2015 0 1
4 6 1993 23 1
11 3 1986 20 0
8 7 2014 0 1
15 9 2011 0 1
8 4 2011 5 0
5 4 2007 2 1
9 8 2004 9 1
6 10 2008 173 0
14 4 1996 74 1
4 5 2011 3 1
1 3 2015 0 1
16 0 2003 135 0
10 6 2005 31 1
6 1 2008 49 1
3 2 1986 17 0
5 4 2015 6 1
3 7 2004 120 1
7 1 1973 0 0
5 2 1998 82 0
19 5 1941 0 1
4 2 2000 41 0
4 6 2005 77 1
8 2 1997 473 0
14 1 2012 195 0
7 3 2006 84 0
10 2 2007 61 0
7 3 1969 0 0
10 1 1978 130 0
7 7 2011 62 1
13 4 1995 75 1
12 2 2008 38 0
8 2 2004 140 1
6 4 2015 346 1
13 4 2002 197 0
8 5 2008 37 0
3 3 1990 126 0
7 2 2000 98 0
11 5 1996 356 0
9 1 2000 347 0
2 7 2015 2 1
17 2 2011 82 0
7 5 2001 8 1
5 4 2006 97 1
6 1 2001 48 0
12 2 2013 286 0
10 1 2001 445 0
8 6 2011 25 1
4 1 2009 5 0
10 3 2012 49 1
10 7 1987 179 1
10 2 2015 7 0
4 13 2009 1 1
3 3 2005 252 0
12 5 1948 0 1
21 5 1936 0 1
12 6 2014 4 0
8 4 1997 17 1
9 3 2012 23 0
11 3 1998 224 1
12 6 2001 11 1
16 4 2005 64 0
8 9 1999 25 1
4 5 1997 240 0
7 6 2002 360 1
5 3 2009 59 0
7 1 1992 110 0
6 3 1991 123 1
10 1 1991 13 0
15 7 2011 16 1
11 3 1999 50 0
11 3 2003 129 1
14 9 1975 0 1
7 1 2004 242 0
10 3 1994 104 1
8 4 2013 18 1
15 3 1976 0 1
7 10 1999 95 1
2 6 2010 2 1
5 4 1994 37 1
9 3 2004 19 1
18 2 1992 5 0
5 2 2007 22 0
9 3 2000 92 0
5 2 2008 38 1
6 4 1995 16 1
6 3 2014 34 1
5 5 2009 22 0
2 3 1980 333 1
6 3 2009 44 0
10 2 1939 45 1
10 4 2007 93 1
4 4 2011 77 1
6 2 2014 107 1
6 3 1959 0 0
7 5 1999 198 1
0 4 1995 54 1
10 1 2013 126 0
4 2 2009 1 1
11 1 2000 73 0
2 2 2013 95 1
14 1 2001 281 0
14 3 2004 176 0
9 1 1983 187 0
4 3 2013 29 1
14 3 1999 18 0
7 1 2003 107 0
3 2 1981 372 0
12 2 1954 185 0
10 5 1984 13 0
9 4 2013 0 1
6 4 1980 177 0
3 5 2009 48 1
2 6 2014 54 1
14 3 1998 69 0
9 2 1995 135 1
2 2 2007 5 1
8 2 2013 109 0
9 3 2013 53 0
10 2 2015 36 0
4 3 2006 49 1
4 1 2009 11 0
4 3 2002 142 1
12 2 2012 0 0
4 4 2015 33 0
7 6 2012 61 1
3 8 2011 0 1
9 0 1973 0 0
11 1 2011 41 1
8 2 2014 2 0
10 2 1999 139 0
9 3 2001 305 0
9 5 1960 0 0
7 6 1986 97 1
5 4 2012 13 1
12 5 1993 162 0
4 7 2013 40 1
6 3 2002 69 0
4 4 1998 5 0
11 4 2008 105 0
9 2 2007 390 1
10 2 2006 561 0
10 1 2003 440 1
6 2 2000 63 1
9 7 2012 71 1
3 1 2015 81 0
10 2 1968 172 0
19 0 1986 323 0
4 2 1971 0 1
11 8 1998 75 1
3 8 2010 4 1
7 3 1995 284 1
5 2 1991 89 0
4 2 1993 63 1
3 5 1998 158 0
10 3 2014 24 1
2 5 1998 86 1
1 10 2009 55 1
7 1 1987 132 0
8 2 1990 63 0
6 1 2010 57 0
4 2 1990 366 1
7 11 2005 52 1
9 3 2011 31 0
11 4 1996 110 0
7 4 1987 31 1
7 1 2010 100 0
5 6 2013 65 1
8 10 1980 225 1
5 2 2012 137 1
8 6 1960 545 1
14 2 2009 112 0
8 4 1994 224 1
5 7 2002 26 0
5 4 1984 0 1
5 4 2009 36 1
10 4 2002 45 1
12 3 1994 51 0
2 4 2010 2 1
12 5 1977 0 1
5 5 2008 15 1
10 2 1980 0 0
8 1 1981 9 1
6 2 1987 50 1
8 1 1985 367 0
11 1 2007 260 0
8 0 1999 3 0
7 3 1985 31 0
3 2 1954 30 1
7 2 2002 139 0
11 1 2000 28 0
11 10 2011 41 1
4 5 2010 21 1
6 4 2005 39 1
11 4 1984 0 0
6 3 2000 5 1
10 0 1992 5 0
5 3 2002 59 1
7 4 2012 46 1
9 3 2000 52 1
6 5 2008 27 1
8 1 2013 44 0
6 1 2012 112 0
10 2 2011 194 0
7 3 1983 175 1
15 3 1991 343 1
6 3 2012 42 1
17 1 2008 6 0
13 1 1976 477 0
7 1 1979 0 0
13 1 1982 47 0
11 3 1996 91 1
6 1 1998 77 0
6 4 2015 10 1
6 2 1998 42 0
7 4 2015 27 0
11 0 2013 20 0
11 3 2013 28 0
8 1 1998 261 1
6 3 2001 347 0
5 2 1998 31 1
12 7 2002 14 1
9 2 2014 11 1
6 4 2012 4 1
5 1 2010 130 1
13 5 1954 0 1
7 2 2015 159 1
5 5 2001 139 1
7 5 2013 89 1
7 0 1998 400 0
5 5 2004 77 0
8 3 2007 80 1
5 4 1989 45 0
6 1 1981 0 0
13 2 1983 1 0
9 4 2001 109 1
6 0 1993 201 1
5 4 2003 117 1
7 3 2002 229 1
9 7 2010 34 1
5 6 1996 202 1
7 8 1997 191 1
7 7 2000 143 1
14 1 1995 200 0
9 3 1993 15 0
12 3 2010 65 1
9 2 2012 7 0
4 3 2015 12 0
19 3 2014 55 1
7 9 1995 85 1
3 3 2001 76 1
10 6 2005 34 1
8 6 1994 16 1
13 2 1973 0 0
9 2 2012 16 0
11 1 1954 0 0
7 10 2008 185 1
2 2 1989 54 0
13 5 1998 185 1
3 3 2011 4 0
6 4 2004 18 1
6 2 2009 242 0
3 3 2005 13 0
5 3 2013 1 1
7 9 1995 40 1
5 1 2001 411 0
5 3 2004 610 1
9 3 2007 405 1
9 1 2015 48 0
5 6 2004 100 1
4 2 2002 341 0
2 4 2006 62 1
9 2 1976 0 0
3 2 1992 100 1
5 3 2012 52 0
5 6 1992 293 1
9 4 1993 13 1
6 6 1984 53 1
4 3 2011 0 1
4 5 1959 880 1
5 7 1993 266 0
8 2 1999 172 1
4 5 2006 10 1
5 0 2015 0 0
11 3 2008 170 0
3 5 2012 0 1
16 4 2006 47 1
12 2 1998 103 0
17 2 2000 48 0
13 2 1992 107 0
15 7 2012 169 1
6 4 2013 4 1
3 2 2002 22 0
14 1 2009 0 1
11 4 1959 426 1
3 5 2003 180 1
6 2 1980 0 0
5 7 2009 13 1
5 2 2011 60 0
10 7 1999 89 1
12 10 2006 0 1
12 5 2015 54 0
10 1 2000 146 0
16 0 1996 177 0
7 3 1987 84 1
4 8 2004 58 1
5 6 2012 26 1
7 2 1997 104 1
19 5 2008 53 1
5 3 1998 68 0
6 3 2004 522 0
17 2 2015 35 0
2 4 2012 15 1
6 2 2001 0 0
6 4 2014 46 1
14 0 1953 0 0
12 0 1986 122 0
13 3 2009 299 1
9 3 1982 42 1
12 3 1984 197 0
12 3 1986 257 1
9 3 1989 120 0
13 4 1991 154 0
6 4 1996 181 1
10 6 1994 157 1
10 2 1998 130 1
8 3 2002 64 0
8 3 1979 285 0
16 3 1999 813 1
11 4 2002 465 1
11 2 2005 515 0
14 1 1977 1798 0
12 1 1980 937 0
9 1 1983 853 0
9 3 2015 927 1
8 1 1984 74 0
11 5 1997 103 1
4 4 2005 4 0
4 6 1998 168 1
6 4 2015 18 1
5 3 2014 19 1
9 1 2015 166 0
9 5 1995 15 1
4 4 2006 53 1
10 2 2011 11 1
5 3 1999 239 0
7 5 2015 4 1
6 10 2001 20 1
12 2 1941 0 1
6 2 1950 0 1
10 5 2008 14 1
8 2 2010 0 0
11 2 2011 139 1
7 2 2007 153 1
4 6 1984 35 1
8 4 1980 349 1
10 6 1983 165 1
9 2 1987 34 1
13 3 2009 44 0
7 4 2007 66 0
5 2 2001 38 0
9 5 1957 0 0
6 6 1996 8 0
4 3 2001 107 0
5 8 2008 3 1
8 6 2011 1 1
1 3 2011 1 1
10 5 2008 175 1
4 2 2012 153 0
4 4 2004 45 0
3 4 2002 13 1
11 3 2006 196 0
5 10 2010 0 1
5 3 1999 292 0
9 2 1976 0 0
3 2 2004 45 0
9 4 2012 239 0
5 1 1991 423 1
10 1 2015 92 0
5 4 2009 145 0
7 5 1983 298 0
6 8 2014 1 1
4 5 2005 147 1
8 2 2010 85 0
16 2 1989 118 1
4 5 1991 235 1
9 3 2011 68 1
11 2 1984 0 1
6 2 1994 23 1
9 0 2011 85 0
3 2 2010 39 0
11 8 1995 130 1
8 7 1960 0 1
10 3 2007 4 0
13 2 2012 680 0
11 4 2004 144 0
3 4 2014 0 1
3 7 2010 41 1
3 0 1966 6 0
8 2 2000 64 0
7 6 2011 50 1
9 1 1998 32 0
15 7 2015 62 0
7 8 1963 0 1
9 3 1985 51 1
14 9 2006 29 0
3 2 1999 241 1
10 9 2009 296 0
3 7 2013 6 1
12 2 1992 255 0
17 4 1990 32 0
7 4 2010 104 1
13 2 1999 0 0
19 1 2009 11 0
12 1 2002 181 0
11 4 2004 246 0
9 2 2007 287 0
14 5 2009 17 1
7 1 2014 54 0
5 4 2007 46 1
5 2 1985 93 1
2 5 1995 142 1
5 2 2008 4 1
4 3 2007 118 0
11 4 2004 0 0
5 4 2012 45 1
4 2 1996 118 0
10 2 2000 98 0
5 6 2011 40 0
8 4 2005 396 1
10 7 1999 98 1
13 2 1994 191 1
3 3 1929 0 0
7 3 2013 18 1
1 6 1996 48 1
4 2 2010 43 1
3 3 2013 200 1
9 3 1994 105 1
7 1 1992 131 0
10 8 2008 153 1
7 2 1992 52 1
5 3 2007 15 0
30 5 2008 645 1
12 2 2012 489 0
10 1 1951 0 1
3 2 2010 34 1
4 6 1999 22 0
9 2 1978 0 0
16 1 2006 175 0
8 5 2011 90 1
0 6 2005 35 1
5 5 2006 166 1
11 6 1997 115 1
14 6 2005 22 1
3 6 2015 1 1
7 6 2007 7 0
7 1 1978 0 0
7 3 2014 11 0
4 3 2008 16 1
1 2 2015 3 0
11 3 1996 154 1
5 2 2014 108 0
8 3 1973 195 1
11 2 2010 113 0
9 1 2012 92 1
5 7 1998 74 1
16 2 2013 39 1
13 7 2000 122 1
5 2 1994 0 0
7 1 2001 222 0
7 5 2014 133 1
13 2 1997 120 0
9 3 2013 3 0
6 2 2010 103 0
4 7 2015 0 1
5 3 1991 86 1
6 5 1994 272 1
5 4 2005 40 1
8 3 2009 29 1
13 1 1971 0 0
9 3 1996 32 1
22 4 1993 386 0
5 4 1997 91 0
10 6 2011 113 0
16 3 1972 690 0
17 5 1974 266 0
4 3 2002 20 1
16 3 2006 79 0
2 5 1977 0 1
3 3 1967 0 0
9 1 2014 62 0
27 4 1940 0 1
5 4 2013 155 1
4 2 1981 0 1
5 5 2013 7 1
11 3 1999 234 0
8 0 2011 56 0
5 4 2004 154 1
12 3 2011 5 0
4 1 2015 10 0
8 5 2009 321 0
5 5 1999 156 1
4 13 2011 186 1
5 4 2006 55 1
4 3 1977 0 1
14 5 2005 69 0
11 4 1981 56 1
11 1 1994 5 0
4 4 2014 57 1
8 4 2012 445 1
24 0 1990 250 0
8 0 2008 19 0
6 1 1961 0 0
7 3 2011 44 0
5 1 2006 52 0
9 3 2009 8 0
12 2 2014 97 0
7 2 2008 163 0
6 3 2004 365 1
10 2 2009 38 0
10 5 2009 21 0
5 4 2013 1 1
3 1 1999 39 0
6 4 2011 32 1
8 3 2005 48 1
10 1 2003 152 0
5 2 2005 8 0
10 3 1979 0 0
10 3 2014 50 0
11 1 1967 1029 0
6 3 1984 235 1
7 4 1982 7 0
10 3 2010 153 1
6 2 1947 0 0
5 8 2015 0 1
8 3 1991 122 1
6 1 1931 0 0
12 2 1992 151 0
8 1 2003 160 0
8 3 2009 7 1
8 3 1988 17 0
3 2 2015 26 1
14 1 2014 274 1
8 2 2004 33 0
13 6 2011 63 0
8 2 1994 880 0
10 4 1989 241 1
5 9 2015 0 1
7 2 1996 65 1
10 5 2007 5 1
4 4 2012 233 0
12 2 2001 482 0
12 1 2003 543 0
14 1 2002 509 1
7 1 2010 25 0
8 2 1987 71 0
7 3 1945 0 0
8 2 1997 434 1
4 2 2013 4 1
7 1 2009 0 0
13 2 2001 42 0
9 2 1998 105 0
12 5 1956 0 0
13 4 2015 235 1
8 3 1994 249 0
9 4 2012 17 0
4 2 1999 292 1
6 2 2003 405 1
9 2 2014 108 0
3 3 2011 31 0
8 0 2009 37 0
7 3 2009 1 0
4 4 1996 81 1
13 5 2007 32 1
7 4 2002 52 0
10 1 1999 265 0
4 4 2008 123 1
8 1 1991 179 0
9 5 2010 23 1
5 1 1993 157 0
6 3 1999 32 0
6 4 2014 26 0
6 4 2007 44 0
6 3 2008 32 1
14 5 2010 131 0
3 4 2001 148 1
12 3 1976 0 0
9 1 1983 70 0
5 4 2005 153 1
6 2 1974 0 0
4 4 2013 1 1
9 2 2000 182 1
10 3 1993 212 1
7 5 2012 19 1
11 6 2002 48 0
4 5 1993 84 1
10 6 2012 23 0
8 4 1972 477 0
10 3 1997 33 0
9 2 2006 70 0
11 2 1987 68 0
6 3 2005 26 0
4 5 2009 190 0
7 1 2004 47 0
5 3 2006 74 1
8 8 2008 41 0
3 1 2003 76 0
13 1 1990 57 0
10 0 2015 147 0
5 5 2002 193 1
13 3 2014 0 0
6 3 2009 0 0
15 2 1996 263 0
11 2 1991 96 0
6 3 1975 594 1
3 7 2011 40 1
8 2 2014 1 0
8 2 2001 80 1
6 2 2008 21 1
9 5 2002 9 1
1 7 2010 3 1
13 1 1993 68 0
12 4 1956 0 1
7 3 2013 62 1
5 6 2012 6 0
8 3 1957 0 0
7 9 1943 0 1
10 0 1994 58 0
9 2 1980 0 0
11 4 1991 270 1
5 3 1999 503 1
7 3 2011 156 1
8 5 2013 75 1
15 5 2010 106 0
5 3 2010 69 0
6 4 2013 7 0
3 3 2005 9 0
5 8 1975 0 1
14 1 1973 786 0
8 4 1999 139 1
9 2 1984 99 1
9 3 2014 38 1
24 0 1998 67 0
9 2 1949 8 0
6 1 2010 74 0
8 2 2010 101 0
14 6 2014 0 1
5 1 2011 14 0
4 2 1998 233 0
4 2 2010 331 1
10 7 2009 344 1
8 4 2009 103 0
11 1 1995 46 0
9 2 1982 159 0
4 4 2004 159 1
8 4 2007 11 1
7 1 1953 0 0
2 6 2010 0 1
2 10 1996 0 1
11 1 2010 2 0
9 2 2000 9 0
5 5 2005 42 1
7 6 1998 148 1
11 8 2010 1 1
2 7 1987 141 1
7 4 1939 839 1
14 2 2013 125 1
8 2 2010 68 0
9 2 2013 142 1
7 2 1999 217 0
9 2 2008 31 0
7 2 1998 155 1
10 4 2009 12 1
4 2 2013 0 0
6 4 1991 93 1
10 0 2007 50 0
9 8 1998 326 1
6 1 1988 27 0
7 2 1981 13 0
6 3 2001 64 0
18 1 2000 55 0
9 9 2012 73 1
12 4 2011 198 1
6 3 1975 0 0
11 2 1971 0 0
7 3 1979 0 0
6 2 1996 106 1
14 1 2011 26 0
14 6 1997 1249 1
8 2 2007 68 0
16 2 1993 118 1
11 3 1997 236 0
4 4 1982 523 0
8 4 2014 26 1
10 1 1986 422 0
8 4 1990 244 0
7 1 1958 38 0
6 6 2007 0 1
8 2 2011 85 0
8 3 1995 61 0
11 6 2010 457 1
11 2 1983 249 0
15 5 2000 200 1
8 1 2001 117 0
8 4 1996 32 0
5 2 2014 24 0
9 4 1990 34 1
6 1 1982 97 0
11 1 2008 133 0
18 4 2004 186 0
12 1 2010 188 1
7 4 1994 303 1
15 2 1993 25 0
13 3 2015 0 1
5 3 2010 0 1
13 3 1995 113 0
10 7 2008 231 1
15 8 1992 8 1
9 2 1988 237 1
5 2 1996 476 1
5 3 2014 0 1
6 4 2000 153 0
6 6 1989 146 1
11 3 1992 211 1
8 4 2010 89 1
7 1 2009 339 0
4 5 2009 97 0
7 4 1998 70 1
10 4 2005 95 1
3 1 2007 24 0
10 8 2010 121 1
19 1 2008 100 0
6 3 2001 155 0
9 1 1971 0 0
9 3 2008 87 1
2 3 1958 29 0
4 4 2008 28 1
8 5 1995 18 1
3 9 2012 1 1
7 2 2004 64 0
7 5 2012 18 1
6 6 2008 163 0
22 3 2011 87 0
4 1 2005 317 1
12 2 2011 15 0
12 3 2009 125 1
8 1 2011 64 0
4 3 1995 176 0
2 3 2011 1 1
10 1 2007 36 0
9 6 2005 283 1
6 3 1985 39 1
2 5 2000 250 1
3 5 1989 203 1
6 3 2009 89 0
5 2 2008 0 1
7 3 2014 8 1
5 7 2009 15 1
7 2 2014 13 0
6 2 1954 0 1
11 2 2013 78 0
5 2 2009 11 1
7 2 1988 325 0
10 8 2014 40 1
12 6 1990 30 0
10 3 2007 212 0
8 7 2014 3 1
9 7 1998 55 1
5 4 2005 0 1
4 2 1999 195 0
8 5 1988 121 1
7 6 2011 11 1
6 7 2010 7 1
10 4 2014 3 1
7 2 1985 160 1
8 3 1957 0 0
11 5 2015 34 1
6 3 2000 31 0
4 6 1988 135 1
9 3 2006 93 0
8 1 2013 216 1
4 3 2012 206 1
4 3 2003 22 1
5 3 2000 253 0
9 3 2003 310 1
11 3 2009 208 1
8 1 2002 211 0
12 4 2009 50 1
11 11 2008 118 0
4 5 2011 20 1
7 6 1998 215 1
5 6 2011 17 1
7 3 1974 401 0
7 3 2015 2 0
11 7 2009 17 0
18 3 2012 104 1
24 7 2007 41 0